5.0000e-02	5.3000000e-02
1.5000e-01	5.3000000e-02
2.5000e-01	5.3000000e-02
3.5000e-01	5.3000000e-02
4.5000e-01	5.3000000e-02
5.5000e-01	5.3000000e-02
6.5000e-01	5.3000000e-02
7.5000e-01	5.3000000e-02
8.5000e-01	5.3000000e-02
9.5000e-01	5.3000000e-02
1.0500e+00	5.3000000e-02
1.1500e+00	5.3000000e-02
1.2500e+00	5.3000000e-02
1.3500e+00	5.3000000e-02
1.4500e+00	5.3000000e-02
1.5500e+00	5.3000000e-02
1.6500e+00	5.3000000e-02
1.7500e+00	5.3000000e-02
1.8500e+00	5.3000000e-02
1.9500e+00	5.3000000e-02
2.0500e+00	5.3000000e-02
2.1500e+00	5.3000000e-02
2.2500e+00	5.3000000e-02
2.3500e+00	5.3000000e-02
2.4500e+00	5.3000000e-02
2.5500e+00	5.3000000e-02
2.6500e+00	5.3000000e-02
2.7500e+00	5.3000000e-02
2.8500e+00	5.3000000e-02
2.9500e+00	5.3000000e-02
3.0500e+00	5.3000000e-02
3.1500e+00	5.3000000e-02
3.2500e+00	5.3000000e-02
3.3500e+00	5.3000000e-02
3.4500e+00	5.3000000e-02
3.5500e+00	5.3000000e-02
3.6500e+00	5.3000000e-02
3.7500e+00	5.3000000e-02
3.8500e+00	5.3000000e-02
3.9500e+00	5.3000000e-02
4.0500e+00	5.3000000e-02
4.1500e+00	5.3000000e-02
4.2500e+00	5.3000000e-02
4.3500e+00	5.3000000e-02
4.4500e+00	5.3000000e-02
4.5500e+00	5.3000000e-02
4.6500e+00	5.3000000e-02
4.7500e+00	5.3000000e-02
4.8500e+00	5.3000000e-02
4.9500e+00	5.3000000e-02
5.0500e+00	5.3000000e-02
5.1500e+00	5.3000000e-02
5.2500e+00	5.3000000e-02
5.3500e+00	5.3000000e-02
5.4500e+00	5.3000000e-02
5.5500e+00	5.3000000e-02
5.6500e+00	5.3000000e-02
5.7500e+00	5.3000000e-02
5.8500e+00	5.3000000e-02
5.9500e+00	5.3000000e-02
6.0500e+00	5.3000000e-02
6.1500e+00	5.3000000e-02
6.2500e+00	5.3000000e-02
6.3500e+00	5.3000000e-02
6.4500e+00	5.3000000e-02
6.5500e+00	5.3000000e-02
6.6500e+00	5.3000000e-02
6.7500e+00	5.3000000e-02
6.8500e+00	5.3000000e-02
6.9500e+00	5.3000000e-02
7.0500e+00	5.3000000e-02
7.1500e+00	5.3000000e-02
7.2500e+00	5.3000000e-02
7.3500e+00	5.3000000e-02
7.4500e+00	5.3000000e-02
7.5500e+00	5.3000000e-02
7.6500e+00	5.3000000e-02
7.7500e+00	5.3000000e-02
7.8500e+00	5.3000000e-02
7.9500e+00	5.3000000e-02
8.0500e+00	5.3000000e-02
8.1500e+00	5.3000000e-02
8.2500e+00	5.3000000e-02
8.3500e+00	5.3000000e-02
8.4500e+00	5.3000000e-02
8.5500e+00	5.3000000e-02
8.6500e+00	5.3000000e-02
8.7500e+00	5.3000000e-02
8.8500e+00	5.3000000e-02
8.9500e+00	5.3000000e-02
9.0500e+00	5.3000000e-02
9.1500e+00	5.3000000e-02
9.2500e+00	5.3000000e-02
9.3500e+00	5.3000000e-02
9.4500e+00	5.3000000e-02
9.5500e+00	5.3000000e-02
9.6500e+00	5.3000000e-02
9.7500e+00	5.3000000e-02
9.8500e+00	5.3000000e-02
9.9500e+00	5.3000000e-02
1.0050e+01	5.3000000e-02
1.0150e+01	5.3000000e-02
1.0250e+01	5.3000000e-02
1.0350e+01	5.3000000e-02
1.0450e+01	5.3000000e-02
1.0550e+01	5.3000000e-02
1.0650e+01	5.3000000e-02
1.0750e+01	5.3000000e-02
1.0850e+01	5.3000000e-02
1.0950e+01	5.3000000e-02
1.1050e+01	5.3000000e-02
1.1150e+01	5.3000000e-02
1.1250e+01	5.3000000e-02
1.1350e+01	5.3000000e-02
1.1450e+01	5.3000000e-02
1.1550e+01	5.3000000e-02
1.1650e+01	5.3000000e-02
1.1750e+01	5.3000000e-02
1.1850e+01	5.3000000e-02
1.1950e+01	5.3000000e-02
1.2050e+01	5.3000000e-02
1.2150e+01	5.3000000e-02
1.2250e+01	5.3000000e-02
1.2350e+01	5.3000000e-02
1.2450e+01	5.3000000e-02
1.2550e+01	5.3000000e-02
1.2650e+01	5.3000000e-02
1.2750e+01	5.3000000e-02
1.2850e+01	5.3000000e-02
1.2950e+01	5.3000000e-02
1.3050e+01	5.3000000e-02
1.3150e+01	5.3000000e-02
1.3250e+01	5.3000000e-02
1.3350e+01	5.3000000e-02
1.3450e+01	5.3000000e-02
1.3550e+01	5.3000000e-02
1.3650e+01	5.3000000e-02
1.3750e+01	5.3000000e-02
1.3850e+01	5.3000000e-02
1.3950e+01	5.3000000e-02
1.4050e+01	0.0000000e+00
