5.0000e-02	1.9047600e-02
1.5000e-01	5.7142800e-02
2.5000e-01	9.5238000e-02
3.5000e-01	9.2661200e-02
4.5000e-01	9.0084400e-02
5.5000e-01	8.6050800e-02
6.5000e-01	8.0560400e-02
7.5000e-01	7.5070000e-02
8.5000e-01	7.0364000e-02
9.5000e-01	6.5658000e-02
1.0500e+00	6.0840000e-02
1.1500e+00	5.5910000e-02
1.2500e+00	5.0980000e-02
1.3500e+00	1.0858800e-01
1.4500e+00	1.6619600e-01
1.5500e+00	1.8590600e-01
1.6500e+00	1.6771800e-01
1.7500e+00	1.4953000e-01
1.8500e+00	1.3629000e-01
1.9500e+00	1.2305000e-01
2.0500e+00	1.1181740e-01
2.1500e+00	1.0259220e-01
2.2500e+00	9.3367000e-02
2.3500e+00	8.7688600e-02
2.4500e+00	8.2010200e-02
2.5500e+00	7.7114600e-02
2.6500e+00	7.3001800e-02
2.7500e+00	6.8889000e-02
2.8500e+00	6.7283800e-02
2.9500e+00	6.5678600e-02
3.0500e+00	6.3428400e-02
3.1500e+00	6.0533200e-02
3.2500e+00	5.7638000e-02
3.3500e+00	5.7751600e-02
3.4500e+00	5.7865200e-02
3.5500e+00	5.7025200e-02
3.6500e+00	5.5231600e-02
3.7500e+00	5.3438000e-02
3.8500e+00	5.2966400e-02
3.9500e+00	5.2494800e-02
4.0500e+00	5.1973600e-02
4.1500e+00	5.1402800e-02
4.2500e+00	5.0832000e-02
4.3500e+00	5.0752400e-02
4.4500e+00	5.0672800e-02
4.5500e+00	5.0595200e-02
4.6500e+00	5.0519600e-02
4.7500e+00	5.0444000e-02
4.8500e+00	5.0594000e-02
4.9500e+00	5.0744000e-02
5.0500e+00	5.0641200e-02
5.1500e+00	5.0285600e-02
5.2500e+00	4.9930000e-02
5.3500e+00	4.9575600e-02
5.4500e+00	4.9221200e-02
5.5500e+00	4.8974600e-02
5.6500e+00	4.8835800e-02
5.7500e+00	4.8697000e-02
5.8500e+00	4.8499400e-02
5.9500e+00	4.8301800e-02
6.0500e+00	4.8397800e-02
6.1500e+00	4.8787400e-02
6.2500e+00	4.9177000e-02
6.3500e+00	4.8915000e-02
6.4500e+00	4.8653000e-02
6.5500e+00	4.8341800e-02
6.6500e+00	4.7981400e-02
6.7500e+00	4.7621000e-02
6.8500e+00	4.7565400e-02
6.9500e+00	4.7509800e-02
7.0500e+00	4.7620600e-02
7.1500e+00	4.7897800e-02
7.2500e+00	4.8175000e-02
7.3500e+00	4.8089800e-02
7.4500e+00	4.8004600e-02
7.5500e+00	4.8201800e-02
7.6500e+00	4.8681400e-02
7.7500e+00	4.9161000e-02
7.8500e+00	4.9374600e-02
7.9500e+00	4.9588200e-02
8.0500e+00	5.0364400e-02
8.1500e+00	5.1703200e-02
8.2500e+00	5.3042000e-02
8.3500e+00	5.3068400e-02
8.4500e+00	5.3094800e-02
8.5500e+00	5.3633600e-02
8.6500e+00	5.4684800e-02
8.7500e+00	5.5736000e-02
8.8500e+00	5.6727600e-02
8.9500e+00	5.7719200e-02
9.0500e+00	5.8757600e-02
9.1500e+00	5.9842800e-02
9.2500e+00	6.0928000e-02
9.3500e+00	6.2094000e-02
9.4500e+00	6.3260000e-02
9.5500e+00	6.4536600e-02
9.6500e+00	6.5923800e-02
9.7500e+00	6.7311000e-02
9.8500e+00	6.7764200e-02
9.9500e+00	6.8217400e-02
1.0050e+01	6.9644200e-02
1.0150e+01	7.2044600e-02
1.0250e+01	7.4445000e-02
1.0350e+01	7.5170600e-02
1.0450e+01	7.5896200e-02
1.0550e+01	7.7159400e-02
1.0650e+01	7.8960200e-02
1.0750e+01	8.0761000e-02
1.0850e+01	8.1387000e-02
1.0950e+01	8.2013000e-02
1.1050e+01	8.3349000e-02
1.1150e+01	8.5395000e-02
1.1250e+01	8.7441000e-02
1.1350e+01	8.8022600e-02
1.1450e+01	8.8604200e-02
1.1550e+01	8.9981800e-02
1.1650e+01	9.2155400e-02
1.1750e+01	9.4329000e-02
1.1850e+01	9.5529000e-02
1.1950e+01	9.6729000e-02
1.2050e+01	9.8515200e-02
1.2150e+01	1.0088760e-01
1.2250e+01	1.0326000e-01
1.2350e+01	1.0516000e-01
1.2450e+01	1.0706000e-01
1.2550e+01	1.0957800e-01
1.2650e+01	1.1271400e-01
1.2750e+01	1.1585000e-01
1.2850e+01	1.1793800e-01
1.2950e+01	1.2002600e-01
1.3050e+01	1.2273200e-01
1.3150e+01	1.2605600e-01
1.3250e+01	1.2938000e-01
1.3350e+01	1.3175200e-01
1.3450e+01	1.3412400e-01
1.3550e+01	1.3768400e-01
1.3650e+01	1.4243200e-01
1.3750e+01	1.4718000e-01
1.3850e+01	1.4954800e-01
1.3950e+01	1.5191600e-01
1.4050e+01	0.0000000e+00
