5.0000e-02	0.0000000e+00
1.5000e-01	0.0000000e+00
2.5000e-01	5.5346838e-18
3.5000e-01	9.9704000e-03
4.5000e-01	1.9940800e-02
5.5000e-01	2.5068400e-02
6.5000e-01	2.5353200e-02
7.5000e-01	2.5638000e-02
8.5000e-01	2.5828000e-02
9.5000e-01	2.6018000e-02
1.0500e+00	2.5975600e-02
1.1500e+00	2.5700800e-02
1.2500e+00	2.5426000e-02
1.3500e+00	2.5226000e-02
1.4500e+00	2.5026000e-02
1.5500e+00	2.4783600e-02
1.6500e+00	2.4498800e-02
1.7500e+00	2.4214000e-02
1.8500e+00	2.4024000e-02
1.9500e+00	2.3834000e-02
2.0500e+00	2.3501600e-02
2.1500e+00	2.3026800e-02
2.2500e+00	2.2552000e-02
2.3500e+00	2.2077200e-02
2.4500e+00	2.1602400e-02
2.5500e+00	2.1127600e-02
2.6500e+00	2.0652800e-02
2.7500e+00	2.0178000e-02
2.8500e+00	1.9818400e-02
2.9500e+00	1.9458800e-02
3.0500e+00	1.8984000e-02
3.1500e+00	1.8394000e-02
3.2500e+00	1.7804000e-02
3.3500e+00	5.7210400e-02
3.4500e+00	9.6616800e-02
3.5500e+00	1.1323400e-01
3.6500e+00	1.0706200e-01
3.7500e+00	1.0089000e-01
3.8500e+00	9.4718000e-02
3.9500e+00	8.8546000e-02
4.0500e+00	8.2848800e-02
4.1500e+00	7.7626400e-02
4.2500e+00	7.2404000e-02
4.3500e+00	6.8130800e-02
4.4500e+00	6.3857600e-02
4.5500e+00	5.9916800e-02
4.6500e+00	5.6308400e-02
4.7500e+00	5.2700000e-02
4.8500e+00	4.8712000e-02
4.9500e+00	4.4724000e-02
5.0500e+00	4.1105600e-02
5.1500e+00	3.7856800e-02
5.2500e+00	3.4608000e-02
5.3500e+00	3.2634400e-02
5.4500e+00	3.0660800e-02
5.5500e+00	2.8487000e-02
5.6500e+00	2.6113000e-02
5.7500e+00	2.3739000e-02
5.8500e+00	2.1839800e-02
5.9500e+00	1.9940600e-02
6.0500e+00	1.8041400e-02
6.1500e+00	1.6142200e-02
6.2500e+00	1.4243000e-02
6.3500e+00	1.4243000e-02
6.4500e+00	1.4243000e-02
6.5500e+00	1.4380400e-02
6.6500e+00	1.4655200e-02
6.7500e+00	1.4930000e-02
6.8500e+00	1.5320000e-02
6.9500e+00	1.5710000e-02
7.0500e+00	1.5715000e-02
7.1500e+00	1.5335000e-02
7.2500e+00	1.4955000e-02
7.3500e+00	1.6369400e-02
7.4500e+00	1.7783800e-02
7.5500e+00	1.9065800e-02
7.6500e+00	2.0215400e-02
7.7500e+00	2.1365000e-02
7.8500e+00	2.2314600e-02
7.9500e+00	2.3264200e-02
8.0500e+00	2.4926000e-02
8.1500e+00	2.7300000e-02
8.2500e+00	2.9674000e-02
8.3500e+00	3.0623200e-02
8.4500e+00	3.1572400e-02
8.5500e+00	3.3234000e-02
8.6500e+00	3.5608000e-02
8.7500e+00	3.7982000e-02
8.8500e+00	3.9881200e-02
8.9500e+00	4.1780400e-02
9.0500e+00	4.4391800e-02
9.1500e+00	4.7715400e-02
9.2500e+00	5.1039000e-02
9.3500e+00	5.2937800e-02
9.4500e+00	5.4836600e-02
9.5500e+00	5.7447800e-02
9.6500e+00	6.0771400e-02
9.7500e+00	6.4095000e-02
9.8500e+00	6.6943800e-02
9.9500e+00	6.9792600e-02
1.0050e+01	7.3828200e-02
1.0150e+01	7.9050600e-02
1.0250e+01	8.4273000e-02
1.0350e+01	8.7596600e-02
1.0450e+01	9.0920200e-02
1.0550e+01	9.4717600e-02
1.0650e+01	9.8988800e-02
1.0750e+01	1.0326000e-01
1.0850e+01	1.0753600e-01
1.0950e+01	1.1181200e-01
1.1050e+01	1.1632400e-01
1.1150e+01	1.2107200e-01
1.1250e+01	1.2582000e-01
1.1350e+01	1.3009200e-01
1.1450e+01	1.3436400e-01
1.1550e+01	1.3934800e-01
1.1650e+01	1.4504400e-01
1.1750e+01	1.5074000e-01
1.1850e+01	1.5548800e-01
1.1950e+01	1.6023600e-01
1.2050e+01	1.6569600e-01
1.2150e+01	1.7186800e-01
1.2250e+01	1.7804000e-01
1.2350e+01	1.8278800e-01
1.2450e+01	1.8753600e-01
1.2550e+01	1.9299600e-01
1.2650e+01	1.9916800e-01
1.2750e+01	2.0534000e-01
1.2850e+01	2.1056400e-01
1.2950e+01	2.1578800e-01
1.3050e+01	2.2117400e-01
1.3150e+01	2.2672200e-01
1.3250e+01	2.3227000e-01
1.3350e+01	2.3764200e-01
1.3450e+01	2.4301400e-01
1.3550e+01	2.4926000e-01
1.3650e+01	2.5638000e-01
1.3750e+01	2.6350000e-01
1.3850e+01	2.6810000e-01
1.3950e+01	2.7270000e-01
1.4050e+01	0.0000000e+00
